Linf: 31.236994
L2: 354.72202
